1-Figure1-1 5
101661 5
101862 5
102181 5
102448 5
102519 5
102568 5
102966 5
102970 5
103243 5
103335 5
103394 5
103711 5
103980 5
104123 5
104293 5
104612 5
104811 5
104822 5
104894 5
104909 5
105020 5
105087 5
105303 5
105310 5
105634 5
105741 5
106304 5
106381 5
106436 5
106766 5
107143 5
107164 5
107316 5
107578 5
107823 5
107882 5
108032 5
108109 5
108401 5
108439 5
108483 5
108515 5
108594 5
108619 5
108906 5
108959 5
109035 5
109056 5
109771 5
109847 5
109923 5
109965 5
110119 5
110146 5
110196 5
156 5
3 5
305529414_385079180491921_2614847691799781098_n 5
5 5
7 5
BLAST1_108 3 5
BLAST1_125 3 5
BLAST2_028 3 5
BLAST2_108 3 5
BLAST9_152 3 5
bsf_44 5
E_95 5
IMG_20190419_095915 5
IMG_20190419_095920 5
IMG_20190419_095939 5
IMG_20190419_100042 5
IMG_20190419_100959 5
IMG_20190419_110512 5
IMG_20190419_112546 5
IMG_20190419_131420 5
IMG_20190419_134705 5
IMG_20190419_134821 5
IMG_20190419_135722 5
IMG_20190419_135732 5
IMG_20190419_135755 5
IMG_20190419_140040 5
IMG_20190419_140116 5
IMG_20190419_140119 5
IMG_20190419_140138 5
IMG_20190419_140145 5
IMG_20190419_140209 5
IMG_20190419_140215 5
IMG_20190419_144226 5
IMG_20190419_144230 5
IMG_20190419_144414 5
IMG_20190419_145533 5
IMG_20190419_152708 5
IMG_20190419_161430 5
IMG_20190419_162001 5
IMG_20190419_162901 5
IMG_20190419_162925 5
IMG_20190419_163245 5
IMG_20190419_165136 5
IMG_20190419_165158 2 5
IMG_20190419_165208 5
IMG_20190419_165619 5
IMG_20190419_165635 5
IMG_20190419_165653 5
IMG_20190419_173236 5
IMG_20190419_173256 5
IMG_4765 3 5
IMG_4768 3 5
hispa_1_1 5
rice-hispa-elongated-feeding 5
rice-hispa-rice-1553250981 5
